7 21
-8.57985 17.1621 15.9916 16.0022 31.9989 11.579 -35.0725 
-8.54486 17.0917 16.3135 16.3332 32.6539 11.5307 -35.1909 
-8.61901 17.2409 16.0921 16.1036 32.2007 11.5629 -35.2618 
-8.68146 17.3667 16.1837 16.1948 32.3808 11.6068 -35.6918 
-8.70183 17.4077 16.2255 16.2365 32.4628 11.6378 -35.9463 
-8.95607 17.9227 19.3577 19.6173 38.7664 12.5144 39.8604 
-8.61845 17.2398 16.0376 16.0479 32.0897 11.5905 -35.2667 
-8.59901 17.2007 16.0402 16.0512 32.0966 11.5708 -35.1635 
-9.26508 18.5844 18.8973 19.1114 37.908 11.6598 39.157 
-8.95489 17.9219 19.357 20.0053 39.2985 11.9194 -39.7858 
-9.32736 18.7279 20.3483 21.1255 41.5087 12.1625 41.8883 
-8.93591 17.8828 19.3508 19.9939 39.2744 11.9554 -39.77 
-8.86038 17.728 17.0922 17.1148 34.1849 11.8974 36.8661 
-9.54259 19.3638 20.1865 21.2808 -42.1014 11.4223 42.3119 
-9.3008 18.6656 19.6781 20.1545 39.6642 11.9143 40.4404 
-9.36952 18.8465 19.0086 19.3875 38.5516 11.2328 -39.2945 
-8.59919 17.2011 16.1079 16.1203 32.2343 11.5456 -35.1809  
-8.94036 17.8906 18.7989 18.9416 37.5886 12.359 38.9945 
-8.7893 17.5842 16.5592 16.5732 33.1267 11.7221 36.7627 
-9.42314 18.9852 19.0465 19.4119 38.6451 11.197 -39.6558 
-8.89377 17.7958 17.4873 17.5215 34.9692 11.9995 37.288 
