7 13
-9.03753 18.0955 17.5715 17.6256 35.2206 11.643 -37.9736 
-8.8856 17.7806 19.7857 20.5637 40.4419 12.5102 -40.7455 
-8.54368 17.0894 16.6198 16.6462 33.262 11.9553 -35.5942 
-8.55171 17.1056 16.6297 16.6563 33.2824 11.9435 -35.611 
-8.79187 17.5898 16.7229 16.7405 33.4583 11.952 36.3729 
-8.44566 16.8924 15.6968 15.7011 31.3924 12.447 35.0061 
-8.38686 16.7746 15.0156 15.0178 30.032 12.2201 34.4493 
-8.42648 16.8539 15.4033 15.4065 30.8064 12.3562 34.704 
-8.8126 17.6318 16.8179 16.8376 33.6492 11.9392 36.4787 
-8.4818 16.9648 17.4515 17.4822 34.887 12.9528 37.1367 
-8.65404 17.3116 16.1146 16.1251 32.2446 11.8391 -35.5835 
-8.70672 17.4178 16.2671 16.2789 32.5504 11.8276 -36.112 
-8.28782 16.5762 14.5662 14.5678 29.134 12.0691 -33.9521 
