7 14
-8.90539 17.8192 18.798 18.9401 37.5853 12.4329 38.9895 
-8.93179 17.873 20.1616 20.7049 40.6828 12.8736 41.3553 
-8.93736 17.8844 19.3575 19.6167 38.7653 12.5538 39.8587 
-8.93179 17.873 20.1616 20.7049 40.6828 12.8733 41.3553 
-8.90214 17.8125 19.3575 19.6159 38.7638 12.626 39.8567 
-8.91391 17.8365 20.1619 20.7047 40.6827 12.9098 41.3552 
-8.95888 17.9285 18.7995 18.9426 37.5907 12.3197 38.9977 
-8.93179 17.873 20.1616 20.7049 40.6828 12.8736 41.3553 
-8.93179 17.873 20.1616 20.7049 40.6828 12.8734 41.3553 
-8.93179 17.873 20.1616 20.7049 40.6828 12.8737 41.3553 
-8.89673 17.8015 20.1618 20.7044 40.6822 12.9455 41.3543 
-8.95043 17.9111 20.1612 20.7051 40.683 12.836 41.3554 
-8.93736 17.8844 19.3575 19.6167 38.7653 12.5537 39.8587 
-8.95489 17.9219 19.357 20.0053 39.2985 11.9195 -39.7858 
